File: C:\Users\Laboratorio_Jonathan\Dropbox\Dropbox\emmanuel-posdoc\posdoc05-dd-timing\su2h1_if_peak_23.txt


Start Date: 01/06/24
End Date: 01/06/24
Subject: su2h1
Experiment: dd-timing
Group: H
Box: 1
Start Time: 13:24:55
End Time: 14:53:38
MSN: IF_PICO_2LEVER_EA
A:    1163.000
B:      30.000
D:      15.000
E:    3821.000
F:      87.182
G:      15.000
H:    2508.000
I:      15.000
J:    4369.000
K:    1500.000
M:      43.690
O:       0.000
P:       2.000
Q:       1.000
R:       0.000
U:    3000.000
X:      61.000
Y:       0.000
Z:      15.000
C:
     0:      554.400      575.100      595.100      604.100      634.100
     5:      643.100      650.100      655.100      663.100      671.100
    10:      672.100      677.100      679.100      680.100      683.100
    15:      686.100      690.100      700.100      712.100      715.100
    20:      717.100      719.100      725.100      733.100      735.100
    25:      739.100      743.100      747.100      752.100      762.100
    30:      763.100      766.100      766.100      770.100      774.100
    35:      782.100      782.100      793.100      798.100      801.100
    40:      813.100      824.100      825.100      828.100      835.100
    45:      839.100      843.100      851.100      854.410     1282.400
    50:     1329.100     1333.100     1343.100     1345.100     1353.100
    55:     1355.100     1363.100     1368.100     1376.100     1379.100
    60:     1388.100     1393.100     1402.100     1407.100     1410.100
    65:     1415.100     1417.100     1420.100     1427.100     1442.100
    70:     1443.100     1452.100     1458.100     1463.100     1472.100
    75:     1484.100     1487.100     1489.100     1497.100     1499.100
    80:     1506.100     1517.100     1518.100     1522.100     1526.100
    85:     1530.100     1548.100     1552.100     1557.100     1558.100
    90:     1566.100     1571.100     1578.100     1582.410     2094.550
    95:     2138.110     2142.110     2143.110     2147.110     2152.110
   100:     2162.110     2168.110     2170.110     2171.110     2174.110
   105:     2181.110     2193.110     2195.110     2205.110     2213.110
   110:     2224.110     2225.110     2237.110     2244.110     2258.110
   115:     2261.110     2264.110     2278.110     2281.110     2288.110
   120:     2295.110     2299.110     2300.110     2310.110     2313.110
   125:     2317.110     2321.110     2328.110     2330.110     2331.110
   130:     2350.110     2354.110     2361.110     2367.110     2375.110
   135:     2378.110     2380.110     2384.110     2405.220     2405.110
   140:     2405.330     3005.500     3029.100     3059.100     3063.100
   145:     3071.100     3075.100     3078.100     3082.100     3091.100
   150:     3101.100     3103.100     3105.100     3108.100     3110.100
   155:     3120.100     3121.100     3122.100     3123.100     3127.100
   160:     3129.100     3138.100     3139.100     3143.100     3146.100
   165:     3157.200     3157.100     3158.300     3697.500     3851.200
   170:     3851.100     3851.300     4376.550     4407.110     4409.110
   175:     4425.110     4429.110     4433.110     4443.110     4456.110
   180:     4469.110     4471.110     4483.110     4484.110     4487.110
   185:     4494.110     4503.110     4505.110     4507.110     4510.110
   190:     4517.110     4519.110     4527.110     4535.110     4538.110
   195:     4541.110     4549.110     4555.110     4558.110     4563.110
   200:     4569.110     4579.110     4587.110     4589.110     4591.110
   205:     4595.110     4598.110     4607.110     4619.110     4635.110
   210:     4641.110     4644.110     4646.110     4654.110     4655.110
   215:     4664.110     4670.110     4677.220     4677.110     4677.330
   220:     5082.440     5197.110     5204.110     5210.110     5210.110
   225:     5222.110     5224.110     5229.110     5234.110     5237.110
   230:     5242.110     5242.110     5244.110     5254.110     5266.110
   235:     5267.110     5270.110     5276.110     5277.110     5280.110
   240:     5285.110     5292.110     5294.110     5303.110     5311.110
   245:     5313.110     5314.110     5316.110     5321.110     5324.110
   250:     5327.110     5338.110     5339.110     5341.110     5353.110
   255:     5364.110     5366.110     5378.110     5387.110     5392.110
   260:     5401.110     5403.110     5414.110     5420.110     5425.110
   265:     5426.110     5428.110     5436.110     5439.110     5449.110
   270:     5452.110     5463.110     5470.110     5477.110     5479.110
   275:     5486.110     5500.110     5502.110     5510.110     5522.110
   280:     5523.110     5528.110     5532.110     5537.110     5544.110
   285:     5549.110     5553.110     5556.110     5564.110     5569.110
   290:     5572.110     5577.110     5586.110     5592.110     5596.110
   295:     5605.110     5616.110     5621.110     5630.110     5641.110
   300:     5653.110     5661.110     5663.110     5665.110     5671.110
   305:     5675.110     5680.110     5687.110     5690.110     5698.110
   310:     5713.110     5714.110     5721.110     5731.110     5737.110
   315:     5744.110     5746.110     5753.110     5760.110     5762.110
   320:     5784.110     5793.110     5795.110     5797.110     5811.110
   325:     5822.110     5832.110     5842.110     5850.110     5852.110
   330:     5856.110     5858.110     5867.110     5875.110     5877.110
   335:     5880.110     5889.110     5896.110     5898.110     5905.110
   340:     5911.110     5917.110     5924.110     5935.110     5943.110
   345:     5948.110     5971.110     5977.110     5982.420     6296.400
   350:     6309.100     6322.100     6338.100     6351.100     6356.100
   355:     6362.100     6363.100     6365.100     6368.100     6375.100
   360:     6376.100     6379.100     6381.100     6390.100     6392.100
   365:     6396.100     6403.100     6406.100     6410.100     6417.100
   370:     6420.100     6422.100     6424.100     6429.100     6434.100
   375:     6445.100     6447.100     6451.100     6453.100     6458.100
   380:     6459.100     6463.100     6468.100     6474.100     6476.100
   385:     6480.100     6483.100     6485.100     6490.100     6492.100
   390:     6495.100     6500.100     6509.100     6520.100     6521.100
   395:     6527.100     6529.100     6538.100     6541.100     6546.100
   400:     6550.100     6559.100     6560.100     6567.100     6573.100
   405:     6575.100     6585.100     6590.100     6593.100     6596.410
   410:     7168.500     7183.100     7197.100     7200.100     7214.100
   415:     7215.100     7217.100     7223.100     7240.100     7250.100
   420:     7252.100     7256.100     7258.100     7268.100     7273.100
   425:     7281.100     7282.100     7286.100     7288.100     7293.100
   430:     7296.100     7297.100     7299.100     7301.100     7307.100
   435:     7309.100     7320.200     7320.100     7320.300     7757.550
   440:     7763.110     7843.110     7847.110     7849.110     7852.110
   445:     7857.110     7862.110     7865.110     7868.110     7873.110
   450:     7874.110     7878.110     7889.110     7891.110     7894.110
   455:     7899.110     7909.110     7911.110     7915.110     7921.110
   460:     7927.110     7929.110     7936.110     7939.110     7942.110
   465:     7946.110     7951.110     7954.110     7960.110     7960.110
   470:     7963.110     7966.110     7971.110     7978.110     7982.110
   475:     7989.110     8000.110     8002.110     8008.110     8015.110
   480:     8029.110     8035.110     8040.110     8042.110     8049.110
   485:     8052.110     8062.220     8062.110     8062.330     8508.440
   490:     8545.110     8582.110     8586.110     8592.110     8599.110
   495:     8604.110     8614.110     8622.110     8625.110     8626.110
   500:     8630.110     8639.110     8643.110     8645.110     8653.110
   505:     8654.110     8657.110     8663.110     8668.110     8670.110
   510:     8673.110     8677.110     8681.110     8688.110     8689.110
   515:     8692.110     8697.110     8706.110     8708.110     8710.110
   520:     8715.110     8720.110     8729.110     8737.110     8743.110
   525:     8745.110     8750.110     8752.110     8754.110     8761.110
   530:     8766.110     8776.110     8780.110     8791.110     8793.110
   535:     8799.110     8800.110     8803.110     8811.110     8813.110
   540:     8816.110     8822.110     8830.110     8832.110     8835.110
   545:     8846.110     8854.110     8855.110     8858.110     8870.110
   550:     8871.110     8883.110     8888.110     8893.110     8895.110
   555:     8902.110     8904.110     8909.110     8910.110     8919.110
   560:     8923.110     8933.110     8935.110     8937.110     8940.110
   565:     8946.110     8948.110     8956.110     8959.110     8961.110
   570:     8964.110     8966.110     8974.110     8980.110     8988.110
   575:     8990.110     9003.110     9012.110     9014.110     9023.110
   580:     9030.110     9035.110     9039.110     9046.110     9047.110
   585:     9049.110     9059.110     9066.110     9070.110     9082.110
   590:     9094.110     9095.110     9097.110     9099.110     9101.110
   595:     9108.110     9110.110     9111.110     9117.110     9122.110
   600:     9137.110     9143.110     9145.110     9148.110     9155.110
   605:     9160.110     9162.110     9163.110     9165.110     9174.110
   610:     9179.110     9181.110     9183.110     9192.110     9193.110
   615:     9195.110     9202.110     9215.110     9218.110     9220.110
   620:     9224.110     9233.110     9242.110     9244.110     9250.110
   625:     9268.110     9296.110     9300.110     9302.110     9312.110
   630:     9318.110     9323.110     9325.110     9329.110     9335.110
   635:     9343.110     9343.110     9351.110     9361.110     9363.110
   640:     9371.110     9377.110     9385.110     9388.110     9394.110
   645:     9400.110     9408.420     9820.440     9901.110     9903.110
   650:     9908.110     9917.110     9927.110     9932.110     9935.110
   655:     9942.110     9960.110     9966.110     9973.110     9975.110
   660:     9982.110     9991.110     9994.110     9999.110    10001.110
   665:    10005.110    10013.110    10015.110    10020.110    10025.110
   670:    10032.110    10033.110    10035.110    10039.110    10043.110
   675:    10053.110    10054.110    10066.110    10076.110    10078.110
   680:    10080.110    10085.110    10095.110    10096.110    10104.110
   685:    10109.110    10115.110    10117.110    10119.110    10122.110
   690:    10132.110    10145.110    10152.110    10156.110    10165.110
   695:    10168.110    10172.110    10179.110    10184.110    10186.110
   700:    10192.110    10203.110    10220.110    10231.110    10232.110
   705:    10238.110    10255.110    10260.110    10268.110    10277.110
   710:    10283.110    10295.110    10298.110    10305.110    10313.110
   715:    10314.110    10316.110    10321.110    10326.110    10339.110
   720:    10341.110    10343.110    10355.110    10357.110    10358.110
   725:    10361.110    10383.110    10388.110    10390.110    10401.110
   730:    10409.110    10419.110    10428.110    10457.110    10460.110
   735:    10470.110    10477.110    10485.110    10520.110    10542.110
   740:    10550.110    10558.110    10563.110    10582.110    10598.110
   745:    10624.110    10686.110    10689.110    10691.110    10720.420
   750:    11103.500    11140.100    11144.100    11153.100    11159.100
   755:    11176.100    11179.100    11182.100    11183.100    11185.100
   760:    11188.100    11190.100    11200.100    11201.100    11203.100
   765:    11207.100    11216.100    11217.100    11219.100    11222.100
   770:    11228.100    11230.100    11237.100    11239.100    11242.100
   775:    11256.200    11256.100    11256.300    11712.440    11760.110
   780:    11802.110    11808.110    11815.110    11818.110    11820.110
   785:    11830.110    11838.110    11843.110    11845.110    11849.110
   790:    11852.110    11860.110    11871.110    11879.110    11884.110
   795:    11885.110    11894.110    11896.110    11901.110    11902.110
   800:    11904.110    11912.110    11914.110    11925.110    11927.110
   805:    11930.110    11933.110    11943.110    11944.110    11947.110
   810:    11950.110    11955.110    11956.110    11959.110    11964.110
   815:    11965.110    11971.110    11975.110    11981.110    11982.110
   820:    11984.110    11986.110    11994.110    11998.110    11999.110
   825:    12002.110    12013.110    12015.110    12019.110    12024.110
   830:    12024.110    12028.110    12034.110    12042.110    12044.110
   835:    12046.110    12055.110    12059.110    12064.110    12069.110
   840:    12071.110    12073.110    12075.110    12078.110    12085.110
   845:    12089.110    12094.110    12095.110    12098.110    12100.110
   850:    12101.110    12117.110    12118.110    12121.110    12123.110
   855:    12136.110    12144.110    12151.110    12156.110    12166.110
   860:    12168.110    12170.110    12180.110    12188.110    12191.110
   865:    12206.110    12221.110    12227.110    12229.110    12234.110
   870:    12238.110    12256.110    12260.110    12269.110    12290.110
   875:    12293.110    12298.110    12314.110    12322.110    12332.110
   880:    12377.110    12388.110    12393.110    12398.110    12499.110
   885:    12504.110    12515.110    12523.110    12531.110    12532.110
   890:    12544.110    12546.110    12562.110    12569.110    12576.110
   895:    12583.110    12593.110    12600.110    12603.110    12610.110
   900:    12611.110    12612.420    12976.400    13019.100    13028.100
   905:    13045.100    13055.100    13056.100    13063.100    13064.100
   910:    13068.100    13076.100    13077.100    13080.100    13083.100
   915:    13087.100    13094.100    13095.100    13097.100    13102.100
   920:    13110.100    13111.100    13113.100    13117.100    13120.100
   925:    13124.100    13129.100    13132.100    13134.100    13136.100
   930:    13140.100    13141.100    13144.100    13151.100    13155.100
   935:    13159.100    13160.100    13163.100    13169.100    13171.100
   940:    13173.100    13177.100    13181.100    13185.100    13189.100
   945:    13191.100    13194.100    13200.100    13202.100    13205.100
   950:    13207.100    13210.100    13213.100    13215.100    13219.100
   955:    13223.100    13225.100    13229.100    13231.100    13234.100
   960:    13236.100    13241.100    13243.100    13244.100    13247.100
   965:    13248.100    13252.100    13257.100    13257.100    13259.100
   970:    13261.100    13267.100    13270.100    13275.100    13276.410
   975:    13652.550    13740.110    13742.110    13749.110    13754.110
   980:    13763.110    13767.110    13773.110    13781.110    13783.110
   985:    13794.110    13801.110    13807.110    13809.110    13815.110
   990:    13817.110    13821.110    13842.110    13844.110    13846.110
   995:    13849.110    13854.110    13863.110    13868.110    13874.110
  1000:    13882.110    13889.110    13892.110    13902.110    13908.110
  1005:    13914.110    13915.110    13917.110    13927.110    13929.110
  1010:    13934.110    13940.110    13941.110    13945.110    13949.110
  1015:    13957.220    13957.110    13957.330    14282.500    14341.100
  1020:    14344.100    14351.100    14358.100    14366.100    14372.100
  1025:    14373.100    14376.100    14381.100    14383.100    14387.100
  1030:    14394.100    14396.100    14399.100    14408.100    14409.100
  1035:    14413.100    14418.100    14425.100    14431.100    14433.200
  1040:    14433.100    14433.300    14743.400    14765.100    14783.100
  1045:    14789.100    14793.100    14799.100    14801.100    14806.100
  1050:    14808.100    14814.100    14815.100    14817.100    14824.100
  1055:    14830.100    14832.100    14838.100    14840.100    14847.100
  1060:    14849.100    14851.100    14852.100    14858.100    14861.100
  1065:    14868.100    14869.100    14872.100    14874.100    14878.100
  1070:    14883.100    14885.100    14888.100    14893.100    14896.100
  1075:    14901.100    14902.100    14906.100    14910.100    14913.100
  1080:    14923.100    14929.100    14934.100    14936.100    14938.100
  1085:    14940.100    14948.100    14952.100    14954.100    14957.100
  1090:    14959.100    14976.100    14977.100    14981.100    14985.100
  1095:    14987.100    14991.100    14994.100    14999.100    15003.100
  1100:    15008.100    15015.100    15019.100    15024.100    15029.100
  1105:    15032.100    15035.100    15037.100    15039.100    15043.410
  1110:    15419.400    15473.100    15475.100    15476.100    15481.100
  1115:    15487.100    15488.100    15491.100    15494.100    15501.100
  1120:    15502.100    15508.100    15515.100    15516.100    15521.100
  1125:    15522.100    15523.100    15530.100    15532.100    15535.100
  1130:    15538.100    15540.100    15546.100    15550.100    15552.100
  1135:    15558.100    15566.100    15568.100    15572.100    15572.100
  1140:    15573.100    15574.100    15578.100    15580.100    15590.100
  1145:    15591.100    15598.100    15606.100    15609.100    15611.100
  1150:    15615.100    15617.100    15620.100    15622.100    15624.100
  1155:    15631.100    15634.100    15637.100    15639.100    15649.100
  1160:    15652.100    15655.100    15658.100    15661.100    15664.100
  1165:    15669.100    15671.100    15673.100    15676.100    15680.100
  1170:    15685.100    15689.100    15690.100    15695.100    15708.100
  1175:    15710.100    15713.100    15718.100    15719.410    16175.550
  1180:    16272.110    16277.110    16299.110    16302.110    16305.110
  1185:    16317.110    16329.110    16338.110    16343.110    16346.110
  1190:    16356.110    16361.110    16367.110    16372.110    16373.110
  1195:    16377.110    16381.110    16387.110    16388.110    16395.110
  1200:    16400.110    16404.110    16405.110    16407.110    16414.110
  1205:    16421.110    16423.110    16425.110    16438.110    16443.110
  1210:    16449.110    16452.110    16457.110    16458.110    16460.110
  1215:    16469.110    16475.220    16475.110    16475.330    17030.500
  1220:    17086.100    17095.100    17106.100    17116.100    17117.100
  1225:    17121.100    17125.100    17126.100    17131.100    17133.100
  1230:    17137.100    17139.100    17145.100    17149.100    17151.100
  1235:    17154.100    17160.100    17162.100    17166.100    17169.100
  1240:    17180.200    17180.100    17180.300    17490.550    17607.110
  1245:    17613.110    17617.110    17619.110    17624.110    17629.110
  1250:    17635.110    17642.110    17643.110    17651.110    17653.110
  1255:    17657.110    17659.110    17665.110    17670.110    17674.110
  1260:    17676.110    17678.110    17685.110    17690.110    17693.110
  1265:    17695.110    17698.110    17705.110    17708.110    17710.110
  1270:    17714.110    17715.110    17719.110    17726.110    17733.110
  1275:    17734.110    17738.110    17742.110    17744.110    17746.110
  1280:    17751.110    17754.110    17760.110    17760.110    17765.110
  1285:    17776.110    17777.110    17780.110    17784.110    17785.110
  1290:    17793.220    17793.110    17793.330    18393.440    18449.110
  1295:    18465.110    18479.110    18482.110    18489.110    18493.110
  1300:    18496.110    18498.110    18502.110    18503.110    18509.110
  1305:    18511.110    18513.110    18518.110    18520.110    18527.110
  1310:    18530.110    18531.110    18535.110    18537.110    18542.110
  1315:    18547.110    18551.110    18554.110    18556.110    18558.110
  1320:    18562.110    18568.110    18574.110    18575.110    18577.110
  1325:    18581.110    18584.110    18588.110    18589.110    18595.110
  1330:    18597.110    18599.110    18601.110    18605.110    18612.110
  1335:    18613.110    18616.110    18617.110    18623.110    18628.110
  1340:    18629.110    18630.110    18636.110    18638.110    18640.110
  1345:    18643.110    18647.110    18652.110    18657.110    18663.110
  1350:    18667.110    18669.110    18671.110    18677.110    18681.110
  1355:    18683.110    18687.110    18691.110    18692.110    18695.110
  1360:    18704.110    18705.110    18708.110    18712.110    18716.110
  1365:    18725.110    18727.110    18736.110    18738.110    18742.110
  1370:    18743.110    18746.110    18748.110    18753.110    18754.110
  1375:    18757.110    18764.110    18765.110    18770.110    18775.110
  1380:    18776.110    18778.110    18780.110    18786.110    18793.110
  1385:    18794.110    18796.110    18804.110    18813.110    18815.110
  1390:    18817.110    18819.110    18824.110    18832.110    18836.110
  1395:    18837.110    18841.110    18845.110    18845.110    18848.110
  1400:    18851.110    18853.110    18856.110    18859.110    18869.110
  1405:    18872.110    18880.110    18887.110    18895.110    18896.110
  1410:    18897.110    18962.110    18976.110    18979.110    18984.110
  1415:    18992.110    18993.110    19005.110    19012.110    19014.110
  1420:    19019.110    19029.110    19031.110    19043.110    19044.110
  1425:    19046.110    19053.110    19059.110    19067.110    19068.110
  1430:    19070.110    19082.110    19089.110    19094.110    19109.110
  1435:    19124.110    19129.110    19133.110    19134.110    19141.110
  1440:    19141.110    19143.110    19153.110    19157.110    19163.110
  1445:    19164.110    19166.110    19180.110    19197.110    19202.110
  1450:    19247.110    19260.110    19274.110    19282.110    19285.110
  1455:    19292.110    19293.420    19832.440    19939.110    19942.110
  1460:    19944.110    19949.110    19954.110    19957.110    19981.110
  1465:    19984.110    19989.110    19996.110    19996.110    20002.110
  1470:    20003.110    20009.110    20012.110    20015.110    20018.110
  1475:    20023.110    20024.110    20026.110    20036.110    20040.110
  1480:    20042.110    20046.110    20049.110    20061.110    20067.110
  1485:    20068.110    20071.110    20079.110    20082.110    20084.110
  1490:    20086.110    20091.110    20092.110    20095.110    20099.110
  1495:    20101.110    20104.110    20111.110    20112.110    20114.110
  1500:    20116.110    20126.110    20129.110    20131.110    20133.110
  1505:    20138.110    20139.110    20142.110    20151.110    20153.110
  1510:    20157.110    20159.110    20161.110    20164.110    20168.110
  1515:    20173.110    20181.110    20183.110    20186.110    20195.110
  1520:    20198.110    20201.110    20204.110    20205.110    20209.110
  1525:    20212.110    20217.110    20220.110    20222.110    20225.110
  1530:    20228.110    20230.110    20232.110    20249.110    20251.110
  1535:    20253.110    20265.110    20273.110    20273.110    20276.110
  1540:    20278.110    20283.110    20292.110    20294.110    20299.110
  1545:    20305.110    20306.110    20309.110    20310.110    20319.110
  1550:    20320.110    20323.110    20329.110    20332.110    20339.110
  1555:    20350.110    20351.110    20355.110    20356.110    20361.110
  1560:    20362.110    20369.110    20379.110    20392.110    20406.110
  1565:    20409.110    20416.110    20426.110    20428.110    20429.110
  1570:    20451.110    20711.110    20712.110    20724.110    20727.110
  1575:    20732.420    21304.400    21363.100    21366.100    21373.100
  1580:    21379.100    21385.100    21391.100    21394.100    21398.100
  1585:    21403.100    21405.100    21411.100    21419.100    21421.100
  1590:    21425.100    21433.100    21440.100    21441.100    21445.100
  1595:    21448.100    21454.100    21454.100    21462.100    21464.100
  1600:    21469.100    21471.100    21473.100    21477.100    21480.100
  1605:    21486.100    21488.100    21492.100    21495.100    21496.100
  1610:    21502.100    21504.100    21506.100    21508.100    21511.100
  1615:    21512.100    21520.100    21521.100    21523.100    21526.100
  1620:    21531.100    21539.100    21540.100    21544.100    21548.100
  1625:    21556.100    21557.100    21561.100    21563.100    21568.100
  1630:    21574.100    21579.100    21581.100    21584.100    21591.100
  1635:    21600.100    21602.100    21604.410    22115.440    22205.110
  1640:    22207.110    22214.110    22219.110    22221.110    22226.110
  1645:    22231.110    22243.110    22245.110    22249.110    22250.110
  1650:    22251.110    22258.110    22264.110    22265.110    22268.110
  1655:    22270.110    22274.110    22281.110    22282.110    22284.110
  1660:    22291.110    22294.110    22297.110    22301.110    22304.110
  1665:    22305.110    22315.110    22316.110    22322.110    22323.110
  1670:    22324.110    22327.110    22334.110    22342.110    22346.110
  1675:    22348.110    22350.110    22362.110    22364.110    22366.110
  1680:    22369.110    22372.110    22379.110    22381.110    22388.110
  1685:    22395.110    22397.110    22402.110    22406.110    22409.110
  1690:    22410.110    22417.110    22420.110    22424.110    22426.110
  1695:    22427.110    22433.110    22435.110    22443.110    22449.110
  1700:    22455.110    22457.110    22459.110    22474.110    22475.110
  1705:    22482.110    22486.110    22494.110    22497.110    22499.110
  1710:    22515.110    22518.110    22527.110    22528.110    22529.110
  1715:    22532.110    22542.110    22544.110    22547.110    22553.110
  1720:    22555.110    22559.110    22566.110    22569.110    22570.110
  1725:    22578.110    22588.110    22591.110    22603.110    22607.110
  1730:    22609.110    22622.110    22623.110    22626.110    22640.110
  1735:    22651.110    22652.110    22664.110    22671.110    22678.110
  1740:    22683.110    22693.110    22694.110    22720.110    22725.110
  1745:    22732.110    22739.110    22744.110    22833.110    22844.110
  1750:    22846.110    22850.110    22855.110    22861.110    22866.110
  1755:    22869.110    22870.110    22873.110    22878.110    22879.110
  1760:    22881.110    22899.110    22901.110    22902.110    22905.110
  1765:    22913.110    22915.110    22917.110    22919.110    22923.110
  1770:    22924.110    22926.110    22934.110    22937.110    22938.110
  1775:    22942.110    22948.110    22951.110    22961.110    22962.110
  1780:    22964.110    22968.110    22980.110    22990.110    22998.110
  1785:    23008.110    23012.110    23013.110    23015.420    23540.550
  1790:    23670.110    23674.110    23675.110    23678.110    23681.110
  1795:    23688.110    23699.110    23703.110    23707.110    23711.110
  1800:    23716.110    23717.110    23724.110    23730.110    23731.110
  1805:    23742.110    23749.110    23754.110    23755.110    23763.110
  1810:    23768.110    23770.110    23784.110    23786.110    23793.110
  1815:    23798.110    23806.110    23809.110    23812.110    23816.110
  1820:    23818.110    23820.110    23829.110    23836.110    23837.110
  1825:    23839.110    23841.220    23841.110    23841.330    24253.400
  1830:    24324.100    24329.100    24332.100    24341.100    24342.100
  1835:    24344.100    24347.100    24348.100    24351.100    24357.100
  1840:    24359.100    24363.100    24367.100    24370.100    24376.100
  1845:    24377.100    24379.100    24383.100    24386.100    24392.100
  1850:    24394.100    24396.100    24398.100    24401.100    24405.100
  1855:    24408.100    24410.100    24415.100    24419.100    24423.100
  1860:    24426.100    24428.100    24431.100    24434.100    24437.100
  1865:    24445.100    24447.100    24454.100    24461.100    24463.100
  1870:    24468.100    24472.100    24479.100    24481.100    24484.100
  1875:    24487.100    24488.100    24490.100    24490.100    24500.100
  1880:    24502.100    24507.100    24509.100    24513.100    24522.100
  1885:    24527.100    24531.100    24535.100    24537.100    24546.100
  1890:    24547.100    24551.100    24553.410    24957.440    25118.110
  1895:    25120.110    25126.110    25129.110    25131.110    25135.110
  1900:    25145.110    25146.110    25147.110    25153.110    25156.110
  1905:    25161.110    25162.110    25167.110    25174.110    25180.110
  1910:    25181.110    25183.110    25185.110    25192.110    25198.110
  1915:    25200.110    25201.110    25205.110    25215.110    25217.110
  1920:    25225.110    25227.110    25230.110    25235.110    25236.110
  1925:    25238.110    25246.110    25253.110    25255.110    25259.110
  1930:    25264.110    25266.110    25268.110    25270.110    25276.110
  1935:    25277.110    25279.110    25286.110    25296.110    25296.110
  1940:    25299.110    25304.110    25310.110    25314.110    25320.110
  1945:    25322.110    25328.110    25330.110    25331.110    25339.110
  1950:    25340.110    25343.110    25346.110    25348.110    25355.110
  1955:    25357.110    25362.110    25364.110    25370.110    25371.110
  1960:    25373.110    25383.110    25385.110    25394.110    25402.110
  1965:    25403.110    25407.110    25425.110    25429.110    25436.110
  1970:    25443.110    25444.110    25448.110    25450.110    25458.110
  1975:    25474.110    25486.110    25491.110    25494.110    25505.110
  1980:    25510.110    25579.110    25591.110    25594.110    25600.110
  1985:    25603.110    25617.110    25620.110    25626.110    25630.110
  1990:    25641.110    25643.110    25647.110    25649.110    25661.110
  1995:    25662.110    25664.110    25668.110    25674.110    25683.110
  2000:    25684.110    25703.110    25857.420    26172.500    26325.200
  2005:    26325.100    26325.300    26753.500    26762.100    26788.100
  2010:    26798.100    26800.100    26802.100    26809.100    26811.100
  2015:    26823.100    26824.100    26827.100    26831.100    26838.100
  2020:    26842.100    26844.100    26847.100    26850.100    26855.100
  2025:    26856.100    26859.100    26862.100    26863.100    26866.100
  2030:    26872.100    26874.100    26877.100    26882.100    26886.100
  2035:    26889.100    26890.100    26892.100    26896.100    26898.100
  2040:    26903.100    26907.200    26907.100    26907.300    27271.400
  2045:    27357.100    27365.100    27370.100    27376.100    27378.100
  2050:    27382.100    27387.100    27393.100    27394.100    27399.100
  2055:    27401.100    27409.100    27410.100    27414.100    27418.100
  2060:    27421.100    27425.100    27426.100    27432.100    27433.100
  2065:    27434.100    27441.100    27442.100    27449.100    27453.100
  2070:    27459.100    27463.100    27464.100    27467.100    27470.100
  2075:    27475.100    27481.100    27491.100    27492.100    27496.100
  2080:    27498.100    27500.100    27505.100    27507.100    27515.100
  2085:    27516.100    27519.100    27524.100    27526.100    27529.100
  2090:    27532.100    27537.100    27540.100    27542.100    27545.100
  2095:    27548.100    27552.100    27554.100    27555.100    27566.100
  2100:    27571.410    27571.100    28017.550    28049.110    28114.110
  2105:    28116.110    28118.110    28125.110    28131.110    28138.110
  2110:    28144.110    28150.110    28151.110    28155.110    28157.110
  2115:    28160.110    28163.110    28168.110    28176.110    28178.110
  2120:    28181.110    28182.110    28190.110    28191.110    28194.110
  2125:    28201.110    28208.110    28209.110    28212.110    28213.110
  2130:    28218.110    28225.110    28226.110    28230.110    28236.110
  2135:    28239.110    28242.110    28245.110    28249.110    28251.110
  2140:    28253.110    28259.110    28261.110    28262.110    28269.110
  2145:    28270.110    28273.110    28275.110    28283.110    28287.110
  2150:    28290.110    28297.110    28298.110    28301.110    28308.110
  2155:    28310.110    28317.110    28318.220    28318.110    28318.330
  2160:    28755.500    28765.100    28786.100    28796.100    28806.100
  2165:    28814.100    28826.100    28830.100    28838.100    28838.100
  2170:    28842.100    28847.100    28855.100    28856.100    28858.100
  2175:    28863.100    28866.100    28872.100    28874.100    28876.100
  2180:    28881.100    28883.100    28885.100    28895.100    28896.100
  2185:    28898.100    28900.100    28903.100    28904.100    28907.200
  2190:    28907.100    28907.300    29231.550    29342.110    29348.110
  2195:    29351.110    29357.110    29359.110    29361.110    29366.110
  2200:    29368.110    29372.110    29373.110    29378.110    29382.110
  2205:    29383.110    29391.110    29396.110    29406.110    29407.110
  2210:    29409.110    29417.110    29425.110    29427.110    29429.110
  2215:    29431.110    29440.110    29442.110    29445.110    29448.110
  2220:    29453.110    29454.110    29459.110    29463.110    29464.110
  2225:    29466.110    29468.110    29474.110    29475.110    29479.110
  2230:    29481.110    29483.110    29486.110    29487.110    29495.110
  2235:    29499.110    29501.110    29507.110    29509.110    29515.110
  2240:    29515.110    29519.110    29523.110    29528.110    29530.110
  2245:    29538.220    29538.110    29538.330    29921.440    29973.110
  2250:    29976.110    29982.110    29990.110    29996.110    29999.110
  2255:    30001.110    30005.110    30013.110    30017.110    30019.110
  2260:    30025.110    30027.110    30030.110    30037.110    30044.110
  2265:    30045.110    30050.110    30057.110    30064.110    30066.110
  2270:    30068.110    30077.110    30084.110    30086.110    30090.110
  2275:    30097.110    30098.110    30103.110    30107.110    30110.110
  2280:    30116.110    30120.110    30123.110    30129.110    30130.110
  2285:    30133.110    30135.110    30142.110    30144.110    30147.110
  2290:    30150.110    30155.110    30157.110    30162.110    30164.110
  2295:    30167.110    30172.110    30179.110    30181.110    30186.110
  2300:    30193.110    30195.110    30201.110    30204.110    30207.110
  2305:    30214.110    30218.110    30226.110    30228.110    30307.110
  2310:    30314.110    30316.110    30319.110    30322.110    30323.110
  2315:    30327.110    30331.110    30338.110    30345.110    30346.110
  2320:    30350.110    30356.110    30366.110    30371.110    30376.110
  2325:    30378.110    30380.110    30381.110    30385.110    30391.110
  2330:    30393.110    30396.110    30403.110    30407.110    30413.110
  2335:    30414.110    30419.110    30422.110    30432.110    30433.110
  2340:    30435.110    30438.110    30443.110    30452.110    30461.110
  2345:    30464.110    30467.110    30480.110    30483.110    30489.110
  2350:    30494.110    30500.110    30507.110    30519.110    30536.110
  2355:    30558.110    30771.110    30780.110    30784.110    30790.110
  2360:    30791.110    30801.110    30807.110    30812.110    30814.110
  2365:    30817.110    30820.110    30821.420    31131.550    31188.110
  2370:    31200.110    31218.110    31222.110    31227.110    31233.110
  2375:    31236.110    31240.110    31249.110    31257.110    31258.110
  2380:    31262.110    31269.110    31270.110    31275.110    31277.110
  2385:    31280.110    31286.110    31290.110    31298.110    31300.110
  2390:    31302.110    31305.110    31310.110    31319.110    31325.110
  2395:    31327.110    31331.110    31335.110    31340.110    31341.110
  2400:    31344.110    31350.110    31352.110    31359.110    31360.110
  2405:    31365.110    31371.110    31375.110    31383.110    31384.110
  2410:    31386.110    31390.110    31392.110    31397.110    31400.110
  2415:    31406.110    31415.110    31422.110    31422.110    31424.110
  2420:    31426.110    31434.220    31434.110    31434.330    31959.400
  2425:    32015.100    32017.100    32019.100    32024.100    32029.100
  2430:    32032.100    32039.100    32039.100    32045.100    32052.100
  2435:    32054.100    32060.100    32064.100    32068.100    32069.100
  2440:    32071.100    32076.100    32078.100    32085.100    32090.100
  2445:    32096.100    32102.100    32107.100    32116.100    32119.100
  2450:    32127.100    32128.100    32133.100    32136.100    32139.100
  2455:    32143.100    32146.100    32154.100    32155.100    32157.100
  2460:    32164.100    32170.100    32174.100    32176.100    32183.100
  2465:    32190.100    32194.100    32199.100    32200.100    32212.100
  2470:    32214.100    32221.100    32226.100    32229.100    32234.100
  2475:    32236.100    32238.100    32247.100    32248.100    32254.100
  2480:    32255.100    32257.100    32259.410    32574.440    32653.110
  2485:    32659.110    32665.110    32666.110    32673.110    32675.110
  2490:    32677.110    32679.110    32684.110    32685.110    32687.110
  2495:    32688.110    32692.110    32701.110    32707.110    32711.110
  2500:    32718.110    32720.110    32723.110    32726.110    32729.110
  2505:    32733.110    32734.110    32736.110    32740.110    32741.110
  2510:    32747.110    32751.110    32756.110    32761.110    32763.110
  2515:    32767.110    32773.110    32776.110    32781.110    32784.110
  2520:    32789.110    32798.110    32807.110    32808.110    32811.110
  2525:    32819.110    32822.110    32825.110    32829.110    32834.110
  2530:    32842.110    32847.110    32851.110    32860.110    32864.110
  2535:    32871.110    32873.110    32878.110    32882.110    32884.110
  2540:    32892.110    32897.110    32901.110    32907.110    32909.110
  2545:    32911.110    32918.110    32923.110    32932.110    32934.110
  2550:    32939.110    32947.110    32948.110    32950.110    32958.110
  2555:    32959.110    32962.110    32967.110    32969.110    32971.110
  2560:    32978.110    32980.110    32990.110    32991.110    33130.110
  2565:    33133.110    33141.110    33146.110    33147.110    33150.110
  2570:    33155.110    33157.110    33161.110    33167.110    33175.110
  2575:    33177.110    33179.110    33183.110    33184.110    33187.110
  2580:    33192.110    33202.110    33204.110    33214.110    33215.110
  2585:    33217.110    33220.110    33233.110    33234.110    33244.110
  2590:    33246.110    33251.110    33257.110    33258.110    33266.110
  2595:    33268.110    33283.110    33291.110    33303.110    33304.110
  2600:    33306.110    33315.110    33321.110    33325.110    33326.110
  2605:    33330.110    33347.110    33372.110    33401.110    33474.420
  2610:    33837.550    33906.110    33919.110    33925.110    33931.110
  2615:    33934.110    33939.110    33941.110    33945.110    33949.110
  2620:    33951.110    33957.110    33959.110    33961.110    33965.110
  2625:    33969.110    33975.110    33985.110    33986.110    33990.110
  2630:    33996.110    33997.110    33998.110    34005.110    34010.110
  2635:    34016.110    34021.110    34028.110    34034.110    34035.110
  2640:    34037.110    34037.110    34044.110    34048.110    34056.110
  2645:    34061.110    34064.110    34072.110    34076.110    34079.110
  2650:    34081.110    34087.110    34089.110    34096.110    34098.110
  2655:    34104.110    34105.110    34109.110    34115.110    34119.110
  2660:    34126.110    34128.110    34131.110    34145.220    34145.110
  2665:    34145.330    34699.500    34750.100    34765.100    34774.100
  2670:    34782.100    34783.100    34785.100    34787.100    34790.100
  2675:    34796.100    34797.100    34800.100    34803.100    34805.100
  2680:    34812.100    34814.100    34816.100    34818.100    34822.100
  2685:    34824.100    34829.100    34839.100    34840.100    34847.100
  2690:    34849.100    34857.200    34857.100    34857.300    35428.500
  2695:    35463.100    35469.100    35475.100    35486.100    35491.100
  2700:    35500.100    35501.100    35507.100    35510.100    35517.100
  2705:    35520.100    35527.100    35528.100    35535.100    35542.100
  2710:    35547.100    35551.100    35552.100    35558.100    35559.100
  2715:    35562.100    35566.100    35569.100    35577.100    35579.200
  2720:    35579.100    35579.300    35903.400    35955.100    35960.100
  2725:    35969.100    35971.100    35974.100    35980.100    35982.100
  2730:    35984.100    35989.100    35994.100    35995.100    36007.100
  2735:    36013.100    36015.100    36018.100    36021.100    36024.100
  2740:    36025.100    36033.100    36035.100    36042.100    36049.100
  2745:    36050.100    36053.100    36054.100    36063.100    36071.100
  2750:    36074.100    36079.100    36084.100    36084.100    36094.100
  2755:    36095.100    36099.100    36101.100    36106.100    36108.100
  2760:    36116.100    36121.100    36123.100    36129.100    36132.100
  2765:    36135.100    36142.100    36143.100    36148.100    36151.100
  2770:    36154.100    36157.100    36166.100    36171.100    36173.100
  2775:    36180.100    36182.100    36190.100    36192.100    36194.100
  2780:    36196.100    36203.410    36640.550    36702.110    36748.110
  2785:    36751.110    36753.110    36756.110    36757.110    36764.110
  2790:    36765.110    36767.110    36771.110    36773.110    36776.110
  2795:    36780.110    36782.110    36784.110    36795.110    36799.110
  2800:    36801.110    36808.110    36815.110    36817.110    36822.110
  2805:    36829.110    36837.110    36840.110    36843.110    36845.110
  2810:    36847.110    36851.110    36858.110    36868.110    36869.110
  2815:    36873.110    36876.110    36877.110    36878.110    36881.110
  2820:    36889.110    36890.110    36899.110    36900.110    36903.110
  2825:    36904.110    36905.110    36909.110    36915.110    36918.110
  2830:    36925.110    36926.110    36933.110    36935.110    36943.220
  2835:    36943.110    36943.330    37347.440    37397.110    37407.110
  2840:    37410.110    37417.110    37419.110    37425.110    37429.110
  2845:    37433.110    37435.110    37442.110    37445.110    37452.110
  2850:    37453.110    37456.110    37461.110    37466.110    37472.110
  2855:    37474.110    37479.110    37492.110    37494.110    37500.110
  2860:    37501.110    37508.110    37513.110    37516.110    37523.110
  2865:    37532.110    37544.110    37549.110    37552.110    37559.110
  2870:    37560.110    37575.110    37580.110    37587.110    37596.110
  2875:    37601.110    37605.110    37607.110    37607.110    37613.110
  2880:    37615.110    37624.110    37628.110    37630.110    37636.110
  2885:    37643.110    37644.110    37650.110    37659.110    37661.110
  2890:    37672.110    37676.110    37683.110    37686.110    37705.110
  2895:    37709.110    37716.110    37719.110    37724.110    37727.110
  2900:    37730.110    37736.110    37739.110    37745.110    37746.110
  2905:    37754.110    37759.110    37765.110    37773.110    37775.110
  2910:    37794.110    37810.110    37811.110    37816.110    37818.110
  2915:    37824.110    37827.110    37834.110    37835.110    37843.110
  2920:    37865.110    37871.110    37872.110    37874.110    37878.110
  2925:    37881.110    37892.110    37894.110    37897.110    37906.110
  2930:    37915.110    37931.110    37963.110    37982.110    37984.110
  2935:    38140.110    38167.110    38174.110    38177.110    38180.110
  2940:    38188.110    38195.110    38198.110    38208.110    38212.110
  2945:    38215.110    38229.110    38230.110    38234.110    38243.110
  2950:    38245.110    38247.420    38703.500    38736.100    38749.100
  2955:    38757.100    38760.100    38769.100    38770.100    38775.100
  2960:    38777.100    38783.100    38792.100    38799.100    38801.100
  2965:    38809.100    38810.100    38816.100    38818.100    38822.100
  2970:    38826.100    38830.100    38835.100    38837.100    38840.100
  2975:    38848.100    38857.200    38857.100    38857.300    39234.440
  2980:    39292.110    39299.110    39309.110    39315.110    39406.110
  2985:    39417.110    39419.110    39423.110    39428.110    39431.110
  2990:    39433.110    39441.110    39445.110    39448.110    39456.110
  2995:    39457.110    39459.110    39462.110    39463.110    39470.110
  3000:    39474.110    39476.110    39486.110    39489.110    39497.110
  3005:    39498.110    39502.110    39505.110    39509.110    39513.110
  3010:    39515.110    39518.110    39525.110    39530.110    39533.110
  3015:    39536.110    39539.110    39545.110    39549.110    39551.110
  3020:    39558.110    39571.110    39576.110    39585.110    39592.110
  3025:    39594.110    39598.110    39606.110    39609.110    39616.110
  3030:    39618.110    39623.110    39628.110    39636.110    39643.110
  3035:    39646.110    39648.110    39650.110    39653.110    39656.110
  3040:    39659.110    39667.110    39674.110    39680.110    39681.110
  3045:    39688.110    39689.110    39692.110    39695.110    39697.110
  3050:    39700.110    39708.110    39710.110    39719.110    39720.110
  3055:    39725.110    39728.110    39736.110    39737.110    39758.110
  3060:    39761.110    39765.110    39770.110    39777.110    39785.110
  3065:    39792.110    39800.110    39809.110    39811.110    39812.110
  3070:    39818.110    39820.110    39828.110    39830.110    39838.110
  3075:    39880.110    40055.110    40063.110    40066.110    40069.110
  3080:    40072.110    40078.110    40088.110    40094.110    40096.110
  3085:    40106.110    40113.110    40114.110    40116.110    40130.110
  3090:    40131.110    40133.110    40134.420    40546.400    40587.100
  3095:    40590.100    40592.100    40598.100    40599.100    40607.100
  3100:    40609.100    40613.100    40620.100    40626.100    40627.100
  3105:    40632.100    40633.100    40634.100    40637.100    40640.100
  3110:    40648.100    40654.100    40656.100    40659.100    40665.100
  3115:    40673.100    40675.100    40677.100    40681.100    40690.100
  3120:    40691.100    40701.100    40705.100    40705.100    40713.100
  3125:    40713.100    40723.100    40724.100    40726.100    40727.100
  3130:    40730.100    40736.100    40743.100    40746.100    40749.100
  3135:    40754.100    40761.100    40762.100    40764.100    40766.100
  3140:    40770.100    40775.100    40777.100    40779.100    40780.100
  3145:    40790.100    40795.100    40803.100    40808.100    40815.100
  3150:    40818.100    40820.100    40821.100    40822.100    40825.100
  3155:    40828.100    40833.100    40843.100    40844.100    40846.410
  3160:    41228.500    41261.100    41268.100    41275.100    41277.100
  3165:    41281.100    41288.100    41290.100    41292.100    41295.100
  3170:    41303.100    41304.100    41306.100    41310.100    41312.100
  3175:    41319.100    41323.100    41324.100    41328.100    41331.100
  3180:    41339.100    41342.100    41345.100    41348.100    41358.100
  3185:    41362.100    41364.100    41367.100    41369.100    41372.100
  3190:    41378.100    41380.200    41380.100    41380.300    41980.440
  3195:    42110.110    42120.110    42127.110    42129.110    42133.110
  3200:    42138.110    42143.110    42144.110    42148.110    42158.110
  3205:    42168.110    42169.110    42172.110    42176.110    42179.110
  3210:    42180.110    42183.110    42190.110    42192.110    42196.110
  3215:    42199.110    42203.110    42205.110    42213.110    42214.110
  3220:    42219.110    42221.110    42228.110    42234.110    42239.110
  3225:    42242.110    42243.110    42249.110    42250.110    42255.110
  3230:    42264.110    42271.110    42274.110    42281.110    42287.110
  3235:    42289.110    42297.110    42299.110    42307.110    42311.110
  3240:    42321.110    42322.110    42323.110    42331.110    42333.110
  3245:    42337.110    42341.110    42348.110    42356.110    42366.110
  3250:    42381.110    42388.110    42392.110    42397.110    42399.110
  3255:    42404.110    42409.110    42416.110    42418.110    42419.110
  3260:    42424.110    42430.110    42441.110    42451.110    42458.110
  3265:    42459.110    42461.110    42476.110    42484.110    42485.110
  3270:    42487.110    42494.110    42502.110    42502.110    42505.110
  3275:    42518.110    42521.110    42524.110    42537.110    42540.110
  3280:    42548.110    42550.110    42570.110    42596.110    42600.110
  3285:    42606.110    42608.110    42613.110    42618.110    42620.110
  3290:    42624.110    42635.110    42668.110    42822.110    42824.110
  3295:    42830.110    42832.110    42834.110    42838.110    42842.110
  3300:    42843.110    42851.110    42855.110    42861.110    42863.110
  3305:    42864.110    42872.110    42873.110    42879.110    42880.420
  3310:    43308.400    43374.100    43383.100    43389.100    43404.100
  3315:    43405.100    43409.100    43420.100    43424.100    43426.100
  3320:    43432.100    43434.100    43438.100    43445.100    43447.100
  3325:    43451.100    43453.100    43462.100    43464.100    43470.100
  3330:    43473.100    43481.100    43483.100    43487.100    43489.100
  3335:    43497.100    43501.100    43502.100    43505.100    43508.100
  3340:    43512.100    43519.100    43521.100    43524.100    43528.100
  3345:    43532.100    43536.100    43544.100    43544.100    43546.100
  3350:    43549.100    43551.100    43554.100    43558.100    43567.100
  3355:    43568.100    43573.100    43575.100    43578.100    43582.100
  3360:    43588.100    43590.100    43594.100    43600.100    43602.100
  3365:    43604.100    43608.410    44147.400    44180.100    44447.410
  3370:    44959.440    45110.110    45117.110    45119.110    45128.110
  3375:    45129.110    45137.110    45140.110    45145.110    45148.110
  3380:    45152.110    45157.110    45164.110    45165.110    45167.110
  3385:    45172.110    45176.110    45177.110    45186.110    45203.110
  3390:    45204.110    45208.110    45214.110    45222.110    45224.110
  3395:    45232.110    45233.110    45243.110    45245.110    45248.110
  3400:    45251.110    45258.110    45259.110    45261.110    45283.110
  3405:    45295.110    45299.110    45306.110    45308.110    45316.110
  3410:    45319.110    45320.110    45328.110    45329.110    45331.110
  3415:    45334.110    45341.110    45349.110    45350.110    45352.110
  3420:    45363.110    45369.110    45371.110    45372.110    45377.110
  3425:    45383.110    45390.110    45397.110    45401.110    45402.110
  3430:    45411.110    45420.110    45422.110    45426.110    45433.110
  3435:    45433.110    45435.110    45442.110    45443.110    45446.110
  3440:    45450.110    45456.110    45507.110    45524.110    45529.110
  3445:    45532.110    45534.110    45540.110    45543.110    45548.110
  3450:    45561.110    45561.110    45563.110    45570.110    45574.110
  3455:    45579.110    45588.110    45590.110    45598.110    45599.110
  3460:    45602.110    45602.110    45618.110    45626.110    45635.110
  3465:    45643.110    45644.110    45647.110    45648.110    45654.110
  3470:    45657.110    45665.110    45665.110    45667.110    45670.110
  3475:    45723.110    45801.110    45806.110    45810.110    45814.110
  3480:    45823.110    45825.110    45831.110    45833.110    45839.110
  3485:    45841.110    45843.110    45848.110    45849.110    45856.110
  3490:    45857.110    45859.110    45859.420    46305.500    46377.100
  3495:    46389.100    46395.100    46401.100    46401.100    46408.100
  3500:    46410.100    46414.100    46417.100    46424.100    46428.100
  3505:    46430.100    46432.100    46437.100    46440.100    46441.100
  3510:    46444.100    46448.100    46451.100    46454.100    46461.200
  3515:    46461.100    46461.300    46907.440    47066.110    47068.110
  3520:    47072.110    47075.110    47084.110    47126.110    47131.110
  3525:    47162.110    47181.110    47187.110    47189.110    47191.110
  3530:    47194.110    47201.110    47204.110    47206.110    47212.110
  3535:    47215.110    47220.110    47224.110    47230.110    47237.110
  3540:    47243.110    47252.110    47254.110    47258.110    47262.110
  3545:    47267.110    47274.110    47276.110    47284.110    47290.110
  3550:    47299.110    47316.110    47323.110    47331.110    47334.110
  3555:    47340.110    47341.110    47343.110    47348.110    47356.110
  3560:    47361.110    47366.110    47368.110    47373.110    47374.110
  3565:    47380.110    47387.110    47389.110    47391.110    47396.110
  3570:    47423.110    47427.110    47443.110    47447.110    47454.110
  3575:    47457.110    47464.110    47466.110    47470.110    47505.110
  3580:    47574.110    47666.110    47669.110    47671.110    47675.110
  3585:    47676.110    47688.110    47694.110    47697.110    47697.110
  3590:    47699.110    47702.110    47708.110    47709.110    47714.110
  3595:    47722.110    47723.110    47726.110    47735.110    47737.110
  3600:    47745.110    47747.110    47756.110    47758.110    47761.110
  3605:    47762.110    47765.110    47768.110    47771.110    47777.110
  3610:    47786.110    47788.110    47792.110    47800.110    47807.420
  3615:    48319.550    48387.110    48415.110    48423.110    48425.110
  3620:    48428.110    48435.110    48437.110    48441.110    48448.110
  3625:    48451.110    48454.110    48462.110    48466.110    48469.110
  3630:    48472.110    48475.110    48479.110    48484.110    48486.110
  3635:    48489.110    48492.110    48499.110    48501.110    48502.110
  3640:    48506.110    48512.110    48521.110    48523.110    48526.110
  3645:    48533.110    48538.110    48544.110    48544.110    48547.110
  3650:    48558.110    48567.110    48569.110    48573.110    48857.220
  3655:    48857.110    48857.330    49313.400    49351.100    49366.100
  3660:    49379.100    49384.100    49386.100    49388.100    49390.100
  3665:    49396.100    49398.100    49400.100    49403.100    49411.100
  3670:    49413.100    49415.100    49420.100    49427.100    49428.100
  3675:    49429.100    49431.100    49433.100    49435.100    49439.100
  3680:    49446.100    49448.100    49452.100    49454.100    49456.100
  3685:    49467.100    49469.100    49474.100    49476.100    49479.100
  3690:    49484.100    49487.100    49489.100    49499.100    49502.100
  3695:    49510.100    49513.100    49516.100    49518.100    49521.100
  3700:    49524.100    49527.100    49531.100    49538.100    49540.100
  3705:    49546.100    49548.100    49550.100    49553.100    49555.100
  3710:    49556.100    49562.100    49570.100    49572.100    49576.100
  3715:    49581.100    49584.100    49586.100    49592.100    49597.100
  3720:    49599.100    49601.100    49603.100    49608.100    49610.100
  3725:    49613.410    50152.550    50407.110    50410.110    50416.110
  3730:    50420.110    50422.110    50425.110    50433.110    50435.110
  3735:    50437.110    50439.110    50442.110    50445.110    50451.110
  3740:    50453.220    50453.110    50453.330    51007.500    51073.100
  3745:    51082.100    51088.100    51091.100    51094.100    51100.100
  3750:    51102.100    51103.100    51105.100    51111.100    51118.100
  3755:    51120.100    51124.100    51133.100    51135.100    51137.100
  3760:    51144.100    51153.100    51154.100    51157.100    51159.200
  3765:    51159.100    51160.300    51572.550    51647.110    51676.110
  3770:    51682.110    51685.110    51687.110    51690.110    51693.110
  3775:    51697.110    51703.110    51705.110    51707.110    51713.110
  3780:    51720.110    51722.110    51724.110    51729.110    51734.110
  3785:    51736.110    51740.110    51747.110    51749.110    51751.110
  3790:    51753.110    51760.110    51767.110    51768.110    51770.110
  3795:    51775.110    51778.110    51780.110    51788.110    51789.110
  3800:    51796.110    51798.110    51800.110    51809.110    51810.110
  3805:    51813.110    51819.110    51822.110    51827.110    51835.110
  3810:    51837.110    51846.110    51851.110    51856.110    51860.110
  3815:    51862.110    51867.110    51869.110    51872.220    51872.110
  3820:    51872.330
L:
N:
S:
     0:        1.000        0.000        1.000        0.000        0.000
     5:        1.000        0.000        1.000        0.000        1.000
    10:        0.000        0.000        0.000        1.000        1.000
    15:        1.000        0.000        1.000        1.000        0.000
    20:        1.000        0.000        1.000        0.000        1.000
    25:        1.000        1.000        0.000        0.000        0.000
    30:        1.000        1.000        1.000        0.000        1.000
    35:        0.000        0.000        1.000        1.000        0.000
    40:        0.000        0.000        1.000        1.000        0.000
    45:        0.000        1.000        0.000        0.000        0.000
    50:        1.000        1.000        0.000        1.000        1.000
    55:        1.000        0.000        0.000        0.000        1.000
T:
     0:        0.000        1.000        2.000        3.000        0.000
     5:        1.000        2.000        3.000        0.000        1.000
    10:        2.000        3.000
V:
     0:       30.970       31.450       32.440       36.340       37.610
     5:       38.270       40.420       41.190       42.820       43.690
    10:       44.600       45.560       51.150       52.480       53.910
    15:       55.450       57.120       60.000
W:
     0:       55.450       42.820       51.150       60.000       53.910
     5:       52.480       40.420       31.450       57.120       43.690
    10:       44.600       41.190       38.270       45.560       36.340
    15:       37.610       32.440       30.970       37.610       45.560
    20:       55.450       30.970       60.000       53.910       57.120
    25:       51.150       52.480       41.190       40.420       31.450
    30:       42.820       36.340       44.600       43.690       32.440
    35:       38.270       30.970       52.480       31.450       36.340
    40:       55.450       57.120       32.440       43.690       40.420
    45:       45.560       37.610       41.190       38.270       60.000
    50:       42.820       53.910       51.150       44.600       44.600
    55:       51.150       45.560       53.910       55.450       41.190
    60:       43.690
